	Observe	Chao1	ACE	Shannon	Simpson									
BJ-1	85	85	85.45134502	2.288211644	0.809887658									
BJ-2	80	80	80.36804199	2.384513136	0.835388963									
BJ-3	56	56	56.4135984	2.00736554	0.76598645			Sample	Observe	Chao1	ACE	Shannon	Simpson	group
HLD_A-1	196	196.4285714	197.3966574	2.708916915	0.819622688			WZ-1	120.0	121.8	127.3	2.1	0.8	A
HLD_A-2	84	84	84.29936458	2.160920866	0.777438961			WZ-2	98.0	98.0	98.3	2.4	0.8	A
HLD_A-3	77	77	77	2.332938873	0.800858397			WZ-3	121.0	124.6	127.2	2.5	0.9	A
HLD_B-1	98	102.2	102.3942844	2.560365125	0.845924015			MW-1	77.0	77.0	77.7	2.4	0.8	B
HLD_B-2	95	96.66666667	97.32905407	2.616048043	0.854825424			MW-2	117.0	117.4	118.3	2.5	0.9	B
HLD_B-3	102	106	108.8054518	2.661853959	0.873810802			MW-3	87.0	87.3	89.2	2.5	0.9	B
MW-1	77	77	77.6731311	2.44112653	0.836948869			BJ-1	85.0	85.0	85.5	2.3	0.8	C
MW-2	117	117.4285714	118.3043938	2.547637222	0.858636007			BJ-2	80.0	80.0	80.4	2.4	0.8	C
MW-3	87	87.25	89.19136634	2.487103067	0.851857963			BJ-3	56.0	56.0	56.4	2.0	0.8	C
WLD-1	64	64.25	64.86225895	2.214663124	0.783091414			WLD-1	64.0	64.3	64.9	2.2	0.8	D
WLD-2	92	92	92.35104826	2.450582885	0.828739376			WLD-2	92.0	92.0	92.4	2.5	0.8	D
WLD-3	79	82.33333333	81.96062443	2.299469805	0.805949902			WLD-3	79.0	82.3	82.0	2.3	0.8	D
WZ-1	120	121.75	127.301159	2.084872806	0.766855837			HLD_A-1	196.0	196.4	197.4	2.7	0.8	E
WZ-2	98	98	98.29567289	2.352291763	0.844157605			HLD_A-2	84.0	84.0	84.3	2.2	0.8	E
WZ-3	121	124.6	127.2152139	2.528870666	0.86639112			HLD_A-3	77.0	77.0	77.0	2.3	0.8	E
								HLD_B-1	98.0	102.2	102.4	2.6	0.8	F
								HLD_B-2	95.0	96.7	97.3	2.6	0.9	F
								HLD_B-3	102.0	106.0	108.8	2.7	0.9	F
														
														
														
								A		114.8				
								B		93.9				
								C		73.7				
								D		79.5				
								E		119.1				
								F		101.6				
