MT	.	50	T	C	0	0	0	0	0	0	0	0	0	0	0	0	0	0	0	0	0	0	0	0	0	0	0	0	0	0	0	0	0	0	0	0	0	0	0	0	0	0	0	0	0	0	0	0	0	0	0	0	0	0	0	1	0	0	0	0	0	0	0	0	0	0	0	0	0	0	0	0	0	0	0	0	0	0	0	0	0	0	0	0	0	0	0	0	0	0	0	0	0	0	0	0	0	0	0	0	1	1	0	0	0	0	0	0	0	0	0	0	0	0	0	0	0	0	0	0	0	0	0	0	0	0	0	0	0	0	0	0	0	0	0	0	0	0	0	0	0	0
MT	.	69	C	T	0	0	0	0	1	1	1	1	0	0	1	1	0	0	0	0	0	0	0	0	0	0	0	0	0	0	0	0	1	1	0	0	0	0	1	1	0	0	0	0	0	0	0	0	0	0	1	1	0	0	0	0	0	0	1	1	0	0	0	0	0	0	0	0	1	1	0	0	1	1	0	0	1	1	0	0	1	1	0	0	0	0	1	1	0	0	0	0	0	0	0	0	0	0	1	1	0	0	0	0	1	1	1	1	0	0	0	0	0	0	0	0	0	0	0	0	1	1	0	0	1	1	0	0	0	0	0	0	0	0	0	0	1	1	1	1	0	0
MT	.	100	A	G	1	1	1	1	0	0	0	0	1	1	0	0	0	0	0	0	0	1	0	0	0	0	0	0	0	0	0	0	0	0	0	0	0	0	0	0	1	1	0	0	1	1	1	1	0	0	0	0	0	0	1	0	1	1	0	0	0	0	0	1	1	1	0	0	0	0	1	1	0	0	0	0	0	0	0	0	0	0	0	0	0	0	0	0	1	1	1	1	1	1	0	0	0	0	0	0	0	0	1	1	0	0	0	0	0	0	1	1	1	1	1	1	0	0	0	0	0	0	1	1	0	0	1	1	1	1	0	0	0	0	0	0	0	0	0	0	0	0
MT	.	113	A	G	0	0	0	0	0	0	0	0	0	0	0	0	1	1	0	0	0	0	0	0	0	0	0	0	1	1	0	0	0	0	0	0	0	0	0	0	0	0	1	1	0	0	0	0	0	0	0	0	1	1	0	0	0	0	0	0	0	0	0	0	0	0	0	0	0	0	0	0	0	0	0	0	0	0	1	1	0	0	0	0	0	0	0	0	0	0	0	0	0	0	0	0	0	0	0	0	0	0	0	0	0	0	0	0	0	0	0	0	0	0	0	0	0	0	0	0	0	0	0	0	0	0	0	0	0	0	1	1	0	0	0	0	0	0	0	0	1	1
MT	.	153	G	A	0	0	0	0	0	0	0	0	0	0	0	0	0	0	0	0	0	0	0	0	0	0	0	0	0	0	0	0	0	0	0	0	0	0	0	0	0	0	0	0	0	0	0	0	0	0	0	0	0	0	0	0	0	0	0	0	0	0	0	0	0	0	0	0	0	0	0	0	0	0	0	0	0	0	0	0	0	0	0	0	0	0	0	0	0	0	0	0	0	0	0	0	0	0	0	0	1	1	0	0	0	0	0	0	0	0	0	0	0	0	0	0	0	0	0	0	0	0	0	0	0	0	0	0	0	0	0	0	0	0	0	0	0	0	0	0	0	0
MT	.	157	C	T	0	0	0	0	0	0	0	0	0	0	0	0	0	0	0	0	0	0	0	0	0	0	0	0	0	0	1	1	0	0	0	1	1	1	0	0	0	0	0	0	0	0	0	0	0	1	0	0	0	0	0	0	0	0	0	0	0	0	0	0	0	0	0	0	0	0	0	0	0	0	1	1	0	0	0	0	0	0	1	1	0	1	0	0	0	0	0	0	0	0	0	1	1	1	0	0	0	0	0	0	0	0	0	0	0	0	0	0	0	1	0	0	1	1	1	1	0	0	0	0	0	0	0	0	0	0	0	0	0	0	1	1	0	0	0	0	0	0
MT	.	205	C	T	1	1	1	1	1	1	1	1	1	1	1	1	1	1	0	1	0	1	0	1	0	0	0	0	1	1	0	0	1	1	0	0	0	0	1	1	1	1	1	1	1	1	1	1	1	0	1	1	1	1	1	0	1	1	1	1	0	0	0	1	1	1	1	1	1	1	1	1	1	1	0	0	1	1	1	1	1	1	0	0	1	0	1	1	1	1	1	1	1	1	1	0	0	0	1	1	0	1	0	1	1	1	1	1	0	0	1	1	1	1	1	1	0	0	0	0	1	1	1	1	1	1	1	1	1	1	1	1	0	0	0	0	1	1	1	1	1	1
MT	.	217	C	T	0	0	0	0	0	0	0	0	0	0	0	0	0	0	0	0	0	0	0	0	0	0	0	0	0	0	0	0	0	0	0	0	0	0	0	0	0	0	0	0	0	0	0	0	0	0	0	0	0	0	0	1	0	0	0	0	0	0	0	0	0	0	0	0	0	0	0	0	0	0	0	0	0	0	0	0	0	0	0	0	0	0	0	0	0	0	0	0	0	0	0	0	0	0	0	0	0	0	0	0	0	0	0	0	0	0	0	0	0	0	0	0	0	0	0	0	0	0	0	0	0	0	0	0	0	0	0	0	0	0	0	0	0	0	0	0	0	0
																																																																																																																																														
																																																																																																																																														
单倍型种类										数据	重复数																																																																																																																																			
0	Hap1	0	0	1	0	0	0	1	0	100010	39					0	Hap1	15																																																																																																																												
10	Hap2	0	0	1	0	0	0	1	0	100010	39					10	Hap2	7																																																																																																																												
100	Hap3	0	0	1	0	0	0	1	0	100010	39					100	Hap3	20																																																																																																																												
100000	Hap4	0	0	1	0	0	0	1	0	100010	39					100000	Hap4	1																																																																																																																												
10000001	Hap5	0	1	0	0	0	0	1	0	1000010	38					10000001	Hap5	1																																																																																																																												
1000010	Hap6	0	1	0	0	0	0	1	0	1000010	38					1000010	Hap6	38																																																																																																																												
100010	Hap7	0	1	0	0	0	0	1	0	1000010	38					100010	Hap7	39																																																																																																																												
10001000	Hap8	0	1	0	0	0	0	1	0	1000010	38					10001000	Hap8	1																																																																																																																												
10001010	Hap9	0	0	1	0	0	0	1	0	100010	39					10001010	Hap9	1																																																																																																																												
10010	Hap10	0	0	1	0	0	0	1	0	100010	39					10010	Hap10	14																																																																																																																												
100110	Hap11	0	1	0	0	0	0	1	0	1000010	38					100110	Hap11	1																																																																																																																												
		0	1	0	0	0	0	1	0	1000010	38							138																																																																																																																												
		0	0	0	1	0	0	1	0	10010	14																																																																																																																																			
		0	0	0	1	0	0	1	0	10010	14																																																																																																																																			
		0	0	0	0	0	0	0	0	0	15																																																																																																																																			
		0	0	0	0	0	0	1	0	10	7																																																																																																																																			
		0	0	0	0	0	0	0	0	0	15																																																																																																																																			
		0	0	1	0	0	0	1	0	100010	39																																																																																																																																			
		0	0	0	0	0	0	0	0	0	15																																																																																																																																			
		0	0	0	0	0	0	1	0	10	7																																																																																																																																			
		0	0	0	0	0	0	0	0	0	15																																																																																																																																			
		0	0	0	0	0	0	0	0	0	15																																																																																																																																			
		0	0	0	0	0	0	0	0	0	15																																																																																																																																			
		0	0	0	0	0	0	0	0	0	15																																																																																																																																			
		0	0	0	1	0	0	1	0	10010	14																																																																																																																																			
		0	0	0	1	0	0	1	0	10010	14																																																																																																																																			
		0	0	0	0	0	1	0	0	100	20																																																																																																																																			
		0	0	0	0	0	1	0	0	100	20																																																																																																																																			
		0	1	0	0	0	0	1	0	1000010	38																																																																																																																																			
		0	1	0	0	0	0	1	0	1000010	38																																																																																																																																			
		0	0	0	0	0	0	0	0	0	15																																																																																																																																			
		0	0	0	0	0	1	0	0	100	20																																																																																																																																			
		0	0	0	0	0	1	0	0	100	20																																																																																																																																			
		0	0	0	0	0	1	0	0	100	20																																																																																																																																			
		0	1	0	0	0	0	1	0	1000010	38																																																																																																																																			
		0	1	0	0	0	0	1	0	1000010	38																																																																																																																																			
		0	0	1	0	0	0	1	0	100010	39																																																																																																																																			
		0	0	1	0	0	0	1	0	100010	39																																																																																																																																			
		0	0	0	1	0	0	1	0	10010	14																																																																																																																																			
		0	0	0	1	0	0	1	0	10010	14																																																																																																																																			
		0	0	1	0	0	0	1	0	100010	39																																																																																																																																			
		0	0	1	0	0	0	1	0	100010	39																																																																																																																																			
		0	0	1	0	0	0	1	0	100010	39																																																																																																																																			
		0	0	1	0	0	0	1	0	100010	39																																																																																																																																			
		0	0	0	0	0	0	1	0	10	7																																																																																																																																			
		0	0	0	0	0	1	0	0	100	20																																																																																																																																			
		0	1	0	0	0	0	1	0	1000010	38																																																																																																																																			
		0	1	0	0	0	0	1	0	1000010	38																																																																																																																																			
		0	0	0	1	0	0	1	0	10010	14																																																																																																																																			
		0	0	0	1	0	0	1	0	10010	14																																																																																																																																			
		0	0	1	0	0	0	1	0	100010	39																																																																																																																																			
		1	0	0	0	0	0	0	1	10000001	1																																																																																																																																			
		0	0	1	0	0	0	1	0	100010	39																																																																																																																																			
		0	0	1	0	0	0	1	0	100010	39																																																																																																																																			
		0	1	0	0	0	0	1	0	1000010	38																																																																																																																																			
		0	1	0	0	0	0	1	0	1000010	38																																																																																																																																			
		0	0	0	0	0	0	0	0	0	15																																																																																																																																			
		0	0	0	0	0	0	0	0	0	15																																																																																																																																			
		0	0	0	0	0	0	0	0	0	15																																																																																																																																			
		0	0	1	0	0	0	1	0	100010	39																																																																																																																																			
		0	0	1	0	0	0	1	0	100010	39																																																																																																																																			
		0	0	1	0	0	0	1	0	100010	39																																																																																																																																			
		0	0	0	0	0	0	1	0	10	7																																																																																																																																			
		0	0	0	0	0	0	1	0	10	7																																																																																																																																			
		0	1	0	0	0	0	1	0	1000010	38																																																																																																																																			
		0	1	0	0	0	0	1	0	1000010	38																																																																																																																																			
		0	0	1	0	0	0	1	0	100010	39																																																																																																																																			
		0	0	1	0	0	0	1	0	100010	39																																																																																																																																			
		0	1	0	0	0	0	1	0	1000010	38																																																																																																																																			
		0	1	0	0	0	0	1	0	1000010	38																																																																																																																																			
		0	0	0	0	0	1	0	0	100	20																																																																																																																																			
		0	0	0	0	0	1	0	0	100	20																																																																																																																																			
		0	1	0	0	0	0	1	0	1000010	38																																																																																																																																			
		0	1	0	0	0	0	1	0	1000010	38																																																																																																																																			
		0	0	0	1	0	0	1	0	10010	14																																																																																																																																			
		0	0	0	1	0	0	1	0	10010	14																																																																																																																																			
		0	1	0	0	0	0	1	0	1000010	38																																																																																																																																			
		0	1	0	0	0	0	1	0	1000010	38																																																																																																																																			
		0	0	0	0	0	1	0	0	100	20																																																																																																																																			
		0	0	0	0	0	1	0	0	100	20																																																																																																																																			
		0	0	0	0	0	0	1	0	10	7																																																																																																																																			
		0	0	0	0	0	1	0	0	100	20																																																																																																																																			
		0	1	0	0	0	0	1	0	1000010	38																																																																																																																																			
		0	1	0	0	0	0	1	0	1000010	38																																																																																																																																			
		0	0	1	0	0	0	1	0	100010	39																																																																																																																																			
		0	0	1	0	0	0	1	0	100010	39																																																																																																																																			
		0	0	1	0	0	0	1	0	100010	39																																																																																																																																			
		0	0	1	0	0	0	1	0	100010	39																																																																																																																																			
		0	0	1	0	0	0	1	0	100010	39																																																																																																																																			
		0	0	1	0	0	0	1	0	100010	39																																																																																																																																			
		0	0	0	0	0	0	1	0	10	7																																																																																																																																			
		0	0	0	0	0	1	0	0	100	20																																																																																																																																			
		0	0	0	0	0	1	0	0	100	20																																																																																																																																			
		0	0	0	0	0	1	0	0	100	20																																																																																																																																			
		0	1	0	0	0	0	1	0	1000010	38																																																																																																																																			
		0	1	0	0	0	0	1	0	1000010	38																																																																																																																																			
		1	0	0	0	1	0	0	0	10001000	1																																																																																																																																			
		1	0	0	0	1	0	1	0	10001010	1																																																																																																																																			
		0	0	1	0	0	0	0	0	100000	1																																																																																																																																			
		0	0	1	0	0	0	1	0	100010	39																																																																																																																																			
		0	1	0	0	0	0	1	0	1000010	38																																																																																																																																			
		0	1	0	0	0	0	1	0	1000010	38																																																																																																																																			
		0	1	0	0	0	0	1	0	1000010	38																																																																																																																																			
		0	1	0	0	0	0	1	0	1000010	38																																																																																																																																			
		0	0	0	0	0	0	0	0	0	15																																																																																																																																			
		0	0	0	0	0	0	0	0	0	15																																																																																																																																			
		0	0	1	0	0	0	1	0	100010	39																																																																																																																																			
		0	0	1	0	0	0	1	0	100010	39																																																																																																																																			
		0	0	1	0	0	0	1	0	100010	39																																																																																																																																			
		0	0	1	0	0	1	1	0	100110	1																																																																																																																																			
		0	0	1	0	0	0	1	0	100010	39																																																																																																																																			
		0	0	1	0	0	0	1	0	100010	39																																																																																																																																			
		0	0	0	0	0	1	0	0	100	20																																																																																																																																			
		0	0	0	0	0	1	0	0	100	20																																																																																																																																			
		0	0	0	0	0	1	0	0	100	20																																																																																																																																			
		0	0	0	0	0	1	0	0	100	20																																																																																																																																			
		0	1	0	0	0	0	1	0	1000010	38																																																																																																																																			
		0	1	0	0	0	0	1	0	1000010	38																																																																																																																																			
		0	0	1	0	0	0	1	0	100010	39																																																																																																																																			
		0	0	1	0	0	0	1	0	100010	39																																																																																																																																			
		0	1	0	0	0	0	1	0	1000010	38																																																																																																																																			
		0	1	0	0	0	0	1	0	1000010	38																																																																																																																																			
		0	0	1	0	0	0	1	0	100010	39																																																																																																																																			
		0	0	1	0	0	0	1	0	100010	39																																																																																																																																			
		0	0	1	0	0	0	1	0	100010	39																																																																																																																																			
		0	0	1	0	0	0	1	0	100010	39																																																																																																																																			
		0	0	0	1	0	0	1	0	10010	14																																																																																																																																			
		0	0	0	1	0	0	1	0	10010	14																																																																																																																																			
		0	0	0	0	0	0	0	0	0	15																																																																																																																																			
		0	0	0	0	0	0	0	0	0	15																																																																																																																																			
		0	0	0	0	0	1	0	0	100	20																																																																																																																																			
		0	0	0	0	0	1	0	0	100	20																																																																																																																																			
		0	1	0	0	0	0	1	0	1000010	38																																																																																																																																			
		0	1	0	0	0	0	1	0	1000010	38																																																																																																																																			
		0	1	0	0	0	0	1	0	1000010	38																																																																																																																																			
		0	1	0	0	0	0	1	0	1000010	38																																																																																																																																			
		0	0	0	1	0	0	1	0	10010	14																																																																																																																																			
		0	0	0	1	0	0	1	0	10010	14																																																																																																																																			
